Number of links: 20
Number of maximal schedules: 66
Maximal schedules:
1 2 3 20 
1 3 4 
1 3 6 20 
1 3 11 
1 3 12 
1 3 13 
1 3 17 20 
1 3 19 20 
1 4 18 
1 9 11 
1 9 13 
1 9 20 
1 11 18 
1 12 18 
1 13 18 
1 18 20 
2 3 14 20 
3 4 5 14 
3 4 7 14 
3 4 8 14 
3 4 10 
3 4 14 15 
3 4 14 16 
3 5 6 14 20 
3 5 12 14 
3 6 14 16 20 
3 7 12 14 
3 7 14 20 
3 8 12 14 
3 8 14 20 
3 10 12 
3 10 20 
3 11 14 16 
3 12 14 15 
3 12 14 16 
3 13 14 
3 14 15 20 
3 14 17 20 
3 14 19 20 
4 5 14 18 
4 7 14 18 
4 8 14 18 
4 10 18 
4 14 15 18 
4 14 16 18 
5 9 14 20 
5 12 14 18 
5 14 18 20 
7 9 14 20 
7 12 14 18 
7 14 18 20 
8 12 14 18 
8 14 18 20 
9 10 20 
9 11 14 16 
9 13 14 
9 14 15 20 
9 14 16 20 
10 12 18 
10 18 20 
11 14 16 18 
12 14 15 18 
12 14 16 18 
13 14 18 
14 15 18 20 
14 16 18 20 
