Number of links: 24
Number of maximal schedules: 238
Maximal schedules:
1 3 5 6 7 9 14 17 18 20 21 
1 3 5 6 7 9 15 17 18 20 21 
1 3 5 6 7 11 14 17 18 20 21 
1 3 5 6 7 11 15 17 18 20 21 
1 3 5 7 9 13 14 17 18 20 21 
1 3 5 7 9 13 14 17 18 21 24 
1 3 5 7 9 13 15 17 18 20 21 
1 3 5 7 9 13 15 17 18 21 24 
1 3 5 7 9 14 17 18 20 21 22 
1 3 5 7 9 15 17 18 20 21 22 
1 3 5 7 11 14 17 18 21 24 
1 3 5 7 11 15 17 18 21 24 
1 3 5 9 12 13 14 17 18 20 21 
1 3 5 9 12 13 15 17 18 20 21 
1 3 5 11 12 14 17 18 20 21 
1 3 5 11 12 15 17 18 20 21 
1 3 6 7 9 10 14 18 20 21 
1 3 6 7 9 10 15 18 20 21 
1 3 6 7 10 11 14 18 20 21 
1 3 6 7 10 11 15 18 20 21 
1 3 7 9 10 13 14 18 20 21 
1 3 7 9 10 13 14 18 21 24 
1 3 7 9 10 13 15 18 20 21 
1 3 7 9 10 13 15 18 21 24 
1 3 7 9 10 14 18 20 21 22 
1 3 7 9 10 15 18 20 21 22 
1 3 7 9 14 17 18 19 20 21 22 
1 3 7 9 14 17 18 19 21 24 
1 3 7 9 15 17 18 19 20 21 22 
1 3 7 9 15 17 18 19 21 24 
1 3 7 10 11 14 18 21 24 
1 3 7 10 11 15 18 21 24 
1 3 7 11 14 17 18 19 20 21 
1 3 7 11 14 17 18 19 21 24 
1 3 7 11 15 17 18 19 20 21 
1 3 7 11 15 17 18 19 21 24 
1 3 9 10 12 13 14 18 20 21 
1 3 9 10 12 13 15 18 20 21 
1 3 9 12 14 17 18 19 20 21 
1 3 9 12 15 17 18 19 20 21 
1 3 10 11 12 14 18 20 21 
1 3 10 11 12 15 18 20 21 
1 3 11 12 14 17 18 19 20 21 
1 3 11 12 15 17 18 19 20 21 
1 4 5 7 8 9 14 17 18 20 21 
1 4 5 7 8 9 15 17 18 20 21 
1 4 5 7 8 11 14 17 18 20 21 
1 4 5 7 8 11 15 17 18 20 21 
1 4 5 7 9 14 17 18 20 21 22 
1 4 5 7 9 14 17 18 20 21 23 
1 4 5 7 9 14 17 18 21 23 24 
1 4 5 7 9 15 17 18 20 21 22 
1 4 5 7 9 15 17 18 20 21 23 
1 4 5 7 9 15 17 18 21 23 24 
1 4 5 7 11 14 17 18 21 24 
1 4 5 7 11 15 17 18 21 24 
1 4 5 7 14 16 17 18 20 21 22 
1 4 5 7 14 16 17 18 21 24 
1 4 5 7 15 16 17 18 20 21 22 
1 4 5 7 15 16 17 18 21 24 
1 4 5 9 12 14 17 18 20 21 23 
1 4 5 9 12 15 17 18 20 21 23 
1 4 5 11 12 14 17 18 20 21 
1 4 5 11 12 15 17 18 20 21 
1 4 5 12 14 16 17 18 20 21 
1 4 5 12 15 16 17 18 20 21 
1 4 7 8 9 10 14 18 20 21 
1 4 7 8 9 10 15 18 20 21 
1 4 7 8 10 11 14 18 20 21 
1 4 7 8 10 11 15 18 20 21 
1 4 7 9 10 14 18 20 21 22 
1 4 7 9 10 14 18 20 21 23 
1 4 7 9 10 14 18 21 23 24 
1 4 7 9 10 15 18 20 21 22 
1 4 7 9 10 15 18 20 21 23 
1 4 7 9 10 15 18 21 23 24 
1 4 7 10 11 14 18 21 24 
1 4 7 10 11 15 18 21 24 
1 4 7 10 14 16 18 20 21 22 
1 4 7 10 14 16 18 21 24 
1 4 7 10 15 16 18 20 21 22 
1 4 7 10 15 16 18 21 24 
1 4 9 10 12 14 18 20 21 23 
1 4 9 10 12 15 18 20 21 23 
1 4 10 11 12 14 18 20 21 
1 4 10 11 12 15 18 20 21 
1 4 10 12 14 16 18 20 21 
1 4 10 12 15 16 18 20 21 
1 5 6 7 9 14 17 18 20 21 23 
1 5 6 7 9 15 17 18 20 21 23 
1 5 6 7 14 16 17 18 20 21 
1 5 6 7 15 16 17 18 20 21 
1 5 7 8 9 13 14 17 18 20 21 
1 5 7 8 9 13 15 17 18 20 21 
1 5 7 13 14 16 17 18 20 21 
1 5 7 13 14 16 17 18 21 24 
1 5 7 13 15 16 17 18 20 21 
1 5 7 13 15 16 17 18 21 24 
1 5 12 13 14 16 17 18 20 21 
1 5 12 13 15 16 17 18 20 21 
1 6 7 9 10 14 18 20 21 23 
1 6 7 9 10 15 18 20 21 23 
1 6 7 10 14 16 18 20 21 
1 6 7 10 15 16 18 20 21 
1 7 8 9 10 13 14 18 20 21 
1 7 8 9 10 13 15 18 20 21 
1 7 8 9 14 17 18 19 20 21 
1 7 8 9 15 17 18 19 20 21 
1 7 8 11 14 17 18 19 20 21 
1 7 8 11 15 17 18 19 20 21 
1 7 9 14 17 18 19 20 21 23 
1 7 9 14 17 18 19 21 23 24 
1 7 9 15 17 18 19 20 21 23 
1 7 9 15 17 18 19 21 23 24 
1 7 10 13 14 16 18 20 21 
1 7 10 13 14 16 18 21 24 
1 7 10 13 15 16 18 20 21 
1 7 10 13 15 16 18 21 24 
1 7 14 16 17 18 19 20 21 22 
1 7 14 16 17 18 19 21 24 
1 7 15 16 17 18 19 20 21 22 
1 7 15 16 17 18 19 21 24 
1 9 12 14 17 18 19 20 21 23 
1 9 12 15 17 18 19 20 21 23 
1 10 12 13 14 16 18 20 21 
1 10 12 13 15 16 18 20 21 
1 12 14 16 17 18 19 20 21 
1 12 15 16 17 18 19 20 21 
2 3 5 6 7 11 14 17 18 20 21 
2 3 5 6 7 11 15 17 18 20 21 
2 3 5 7 11 14 17 18 21 24 
2 3 5 7 11 15 17 18 21 24 
2 3 5 7 13 14 17 18 20 21 
2 3 5 7 13 14 17 18 21 24 
2 3 5 7 13 15 17 18 20 21 
2 3 5 7 13 15 17 18 21 24 
2 3 5 7 14 17 18 20 21 22 
2 3 5 7 15 17 18 20 21 22 
2 3 5 11 12 14 17 18 20 21 
2 3 5 11 12 15 17 18 20 21 
2 3 5 12 13 14 17 18 20 21 
2 3 5 12 13 15 17 18 20 21 
2 3 6 7 10 11 14 18 20 21 
2 3 6 7 10 11 15 18 20 21 
2 3 7 10 11 14 18 21 24 
2 3 7 10 11 15 18 21 24 
2 3 7 10 13 14 18 20 21 
2 3 7 10 13 14 18 21 24 
2 3 7 10 13 15 18 20 21 
2 3 7 10 13 15 18 21 24 
2 3 7 10 14 18 20 21 22 
2 3 7 10 15 18 20 21 22 
2 3 7 11 14 17 18 19 20 21 
2 3 7 11 14 17 18 19 21 24 
2 3 7 11 15 17 18 19 20 21 
2 3 7 11 15 17 18 19 21 24 
2 3 7 14 17 18 19 20 21 22 
2 3 7 15 17 18 19 20 21 22 
2 3 10 11 12 14 18 20 21 
2 3 10 11 12 15 18 20 21 
2 3 10 12 13 14 18 20 21 
2 3 10 12 13 15 18 20 21 
2 3 11 12 14 17 18 19 20 21 
2 3 11 12 15 17 18 19 20 21 
2 4 5 7 8 11 14 17 18 20 21 
2 4 5 7 8 11 15 17 18 20 21 
2 4 5 7 11 14 17 18 21 24 
2 4 5 7 11 15 17 18 21 24 
2 4 5 7 14 16 17 18 20 21 22 
2 4 5 7 14 16 17 18 21 24 
2 4 5 7 14 17 18 20 21 23 
2 4 5 7 14 17 18 21 23 24 
2 4 5 7 15 16 17 18 20 21 22 
2 4 5 7 15 16 17 18 21 24 
2 4 5 7 15 17 18 20 21 23 
2 4 5 7 15 17 18 21 23 24 
2 4 5 11 12 14 17 18 20 21 
2 4 5 11 12 15 17 18 20 21 
2 4 5 12 14 16 17 18 20 21 
2 4 5 12 14 17 18 20 21 23 
2 4 5 12 15 16 17 18 20 21 
2 4 5 12 15 17 18 20 21 23 
2 4 7 8 10 11 14 18 20 21 
2 4 7 8 10 11 15 18 20 21 
2 4 7 10 11 14 18 21 24 
2 4 7 10 11 15 18 21 24 
2 4 7 10 14 16 18 20 21 22 
2 4 7 10 14 16 18 21 24 
2 4 7 10 14 18 20 21 23 
2 4 7 10 14 18 21 23 24 
2 4 7 10 15 16 18 20 21 22 
2 4 7 10 15 16 18 21 24 
2 4 7 10 15 18 20 21 23 
2 4 7 10 15 18 21 23 24 
2 4 10 11 12 14 18 20 21 
2 4 10 11 12 15 18 20 21 
2 4 10 12 14 16 18 20 21 
2 4 10 12 14 18 20 21 23 
2 4 10 12 15 16 18 20 21 
2 4 10 12 15 18 20 21 23 
2 5 6 7 14 16 17 18 20 21 
2 5 6 7 14 17 18 20 21 23 
2 5 6 7 15 16 17 18 20 21 
2 5 6 7 15 17 18 20 21 23 
2 5 7 8 13 14 17 18 20 21 
2 5 7 8 13 15 17 18 20 21 
2 5 7 13 14 16 17 18 20 21 
2 5 7 13 14 16 17 18 21 24 
2 5 7 13 15 16 17 18 20 21 
2 5 7 13 15 16 17 18 21 24 
2 5 12 13 14 16 17 18 20 21 
2 5 12 13 15 16 17 18 20 21 
2 6 7 10 14 16 18 20 21 
2 6 7 10 14 18 20 21 23 
2 6 7 10 15 16 18 20 21 
2 6 7 10 15 18 20 21 23 
2 7 8 10 13 14 18 20 21 
2 7 8 10 13 15 18 20 21 
2 7 8 11 14 17 18 19 20 21 
2 7 8 11 15 17 18 19 20 21 
2 7 10 13 14 16 18 20 21 
2 7 10 13 14 16 18 21 24 
2 7 10 13 15 16 18 20 21 
2 7 10 13 15 16 18 21 24 
2 7 14 16 17 18 19 20 21 22 
2 7 14 16 17 18 19 21 24 
2 7 14 17 18 19 20 21 23 
2 7 14 17 18 19 21 23 24 
2 7 15 16 17 18 19 20 21 22 
2 7 15 16 17 18 19 21 24 
2 7 15 17 18 19 20 21 23 
2 7 15 17 18 19 21 23 24 
2 10 12 13 14 16 18 20 21 
2 10 12 13 15 16 18 20 21 
2 12 14 16 17 18 19 20 21 
2 12 14 17 18 19 20 21 23 
2 12 15 16 17 18 19 20 21 
2 12 15 17 18 19 20 21 23 
